-------------------
Time0
Waiting clients:
(6,4,2); (20,5,9); (9,6,6); (15,7,7); (29,7,9); (26,12,5); (23,14,4); (4,16,8); (21,16,7); (10,17,2); (12,18,8); (22,18,9); (28,18,4); (18,19,3); (8,22,4); (24,24,7); 
(5,25,9); (17,25,9); (25,25,7); (1,26,6); (11,26,5); (19,27,6); (27,27,3); (3,29,6); (7,29,8); (13,29,7); (16,29,8); (2,30,4); (14,30,8); (30,30,8); 
Queue 1 (0): closed
Queue 2 (0): closed
Queue 3 (0): closed
Queue 4 (0): closed
Queue 5 (0): closed
Queue 6 (0): closed
Queue 7 (0): closed
Queue 8 (0): closed
-------------------
Time1
Waiting clients:
(6,4,2); (20,5,9); (9,6,6); (15,7,7); (29,7,9); (26,12,5); (23,14,4); (4,16,8); (21,16,7); (10,17,2); (12,18,8); (22,18,9); (28,18,4); (18,19,3); (8,22,4); (24,24,7); 
(5,25,9); (17,25,9); (25,25,7); (1,26,6); (11,26,5); (19,27,6); (27,27,3); (3,29,6); (7,29,8); (13,29,7); (16,29,8); (2,30,4); (14,30,8); (30,30,8); 
Queue 1 (0): closed
Queue 2 (0): closed
Queue 3 (0): closed
Queue 4 (0): closed
Queue 5 (0): closed
Queue 6 (0): closed
Queue 7 (0): closed
Queue 8 (0): closed
-------------------
Time2
Waiting clients:
(6,4,2); (20,5,9); (9,6,6); (15,7,7); (29,7,9); (26,12,5); (23,14,4); (4,16,8); (21,16,7); (10,17,2); (12,18,8); (22,18,9); (28,18,4); (18,19,3); (8,22,4); (24,24,7); 
(5,25,9); (17,25,9); (25,25,7); (1,26,6); (11,26,5); (19,27,6); (27,27,3); (3,29,6); (7,29,8); (13,29,7); (16,29,8); (2,30,4); (14,30,8); (30,30,8); 
Queue 1 (0): closed
Queue 2 (0): closed
Queue 3 (0): closed
Queue 4 (0): closed
Queue 5 (0): closed
Queue 6 (0): closed
Queue 7 (0): closed
Queue 8 (0): closed
-------------------
Time3
Waiting clients:
(6,4,2); (20,5,9); (9,6,6); (15,7,7); (29,7,9); (26,12,5); (23,14,4); (4,16,8); (21,16,7); (10,17,2); (12,18,8); (22,18,9); (28,18,4); (18,19,3); (8,22,4); (24,24,7); 
(5,25,9); (17,25,9); (25,25,7); (1,26,6); (11,26,5); (19,27,6); (27,27,3); (3,29,6); (7,29,8); (13,29,7); (16,29,8); (2,30,4); (14,30,8); (30,30,8); 
Queue 1 (0): closed
Queue 2 (0): closed
Queue 3 (0): closed
Queue 4 (0): closed
Queue 5 (0): closed
Queue 6 (0): closed
Queue 7 (0): closed
Queue 8 (0): closed
-------------------
Time4
Waiting clients:
(20,5,9); (9,6,6); (15,7,7); (29,7,9); (26,12,5); (23,14,4); (4,16,8); (21,16,7); (10,17,2); (12,18,8); (22,18,9); (28,18,4); (18,19,3); (8,22,4); (24,24,7); (5,25,9); 
(17,25,9); (25,25,7); (1,26,6); (11,26,5); (19,27,6); (27,27,3); (3,29,6); (7,29,8); (13,29,7); (16,29,8); (2,30,4); (14,30,8); (30,30,8); 
Queue 1 (2): (6,4,2); 
Queue 2 (0): closed
Queue 3 (0): closed
Queue 4 (0): closed
Queue 5 (0): closed
Queue 6 (0): closed
Queue 7 (0): closed
Queue 8 (0): closed
-------------------
Time5
Waiting clients:
(9,6,6); (15,7,7); (29,7,9); (26,12,5); (23,14,4); (4,16,8); (21,16,7); (10,17,2); (12,18,8); (22,18,9); (28,18,4); (18,19,3); (8,22,4); (24,24,7); (5,25,9); (17,25,9); 
(25,25,7); (1,26,6); (11,26,5); (19,27,6); (27,27,3); (3,29,6); (7,29,8); (13,29,7); (16,29,8); (2,30,4); (14,30,8); (30,30,8); 
Queue 1 (1): (6,4,1); 
Queue 2 (9): (20,5,9); 
Queue 3 (0): closed
Queue 4 (0): closed
Queue 5 (0): closed
Queue 6 (0): closed
Queue 7 (0): closed
Queue 8 (0): closed
-------------------
Time6
Waiting clients:
(15,7,7); (29,7,9); (26,12,5); (23,14,4); (4,16,8); (21,16,7); (10,17,2); (12,18,8); (22,18,9); (28,18,4); (18,19,3); (8,22,4); (24,24,7); (5,25,9); (17,25,9); (25,25,7); 
(1,26,6); (11,26,5); (19,27,6); (27,27,3); (3,29,6); (7,29,8); (13,29,7); (16,29,8); (2,30,4); (14,30,8); (30,30,8); 
Queue 1 (6): (9,6,6); 
Queue 2 (8): (20,5,8); 
Queue 3 (0): closed
Queue 4 (0): closed
Queue 5 (0): closed
Queue 6 (0): closed
Queue 7 (0): closed
Queue 8 (0): closed
-------------------
Time7
Waiting clients:
(26,12,5); (23,14,4); (4,16,8); (21,16,7); (10,17,2); (12,18,8); (22,18,9); (28,18,4); (18,19,3); (8,22,4); (24,24,7); (5,25,9); (17,25,9); (25,25,7); (1,26,6); (11,26,5); 
(19,27,6); (27,27,3); (3,29,6); (7,29,8); (13,29,7); (16,29,8); (2,30,4); (14,30,8); (30,30,8); 
Queue 1 (5): (9,6,5); 
Queue 2 (7): (20,5,7); 
Queue 3 (7): (15,7,7); 
Queue 4 (9): (29,7,9); 
Queue 5 (0): closed
Queue 6 (0): closed
Queue 7 (0): closed
Queue 8 (0): closed
-------------------
Time8
Waiting clients:
(26,12,5); (23,14,4); (4,16,8); (21,16,7); (10,17,2); (12,18,8); (22,18,9); (28,18,4); (18,19,3); (8,22,4); (24,24,7); (5,25,9); (17,25,9); (25,25,7); (1,26,6); (11,26,5); 
(19,27,6); (27,27,3); (3,29,6); (7,29,8); (13,29,7); (16,29,8); (2,30,4); (14,30,8); (30,30,8); 
Queue 1 (4): (9,6,4); 
Queue 2 (6): (20,5,6); 
Queue 3 (6): (15,7,6); 
Queue 4 (8): (29,7,8); 
Queue 5 (0): closed
Queue 6 (0): closed
Queue 7 (0): closed
Queue 8 (0): closed
-------------------
Time9
Waiting clients:
(26,12,5); (23,14,4); (4,16,8); (21,16,7); (10,17,2); (12,18,8); (22,18,9); (28,18,4); (18,19,3); (8,22,4); (24,24,7); (5,25,9); (17,25,9); (25,25,7); (1,26,6); (11,26,5); 
(19,27,6); (27,27,3); (3,29,6); (7,29,8); (13,29,7); (16,29,8); (2,30,4); (14,30,8); (30,30,8); 
Queue 1 (3): (9,6,3); 
Queue 2 (5): (20,5,5); 
Queue 3 (5): (15,7,5); 
Queue 4 (7): (29,7,7); 
Queue 5 (0): closed
Queue 6 (0): closed
Queue 7 (0): closed
Queue 8 (0): closed
-------------------
Time10
Waiting clients:
(26,12,5); (23,14,4); (4,16,8); (21,16,7); (10,17,2); (12,18,8); (22,18,9); (28,18,4); (18,19,3); (8,22,4); (24,24,7); (5,25,9); (17,25,9); (25,25,7); (1,26,6); (11,26,5); 
(19,27,6); (27,27,3); (3,29,6); (7,29,8); (13,29,7); (16,29,8); (2,30,4); (14,30,8); (30,30,8); 
Queue 1 (2): (9,6,2); 
Queue 2 (4): (20,5,4); 
Queue 3 (4): (15,7,4); 
Queue 4 (6): (29,7,6); 
Queue 5 (0): closed
Queue 6 (0): closed
Queue 7 (0): closed
Queue 8 (0): closed
-------------------
Time11
Waiting clients:
(26,12,5); (23,14,4); (4,16,8); (21,16,7); (10,17,2); (12,18,8); (22,18,9); (28,18,4); (18,19,3); (8,22,4); (24,24,7); (5,25,9); (17,25,9); (25,25,7); (1,26,6); (11,26,5); 
(19,27,6); (27,27,3); (3,29,6); (7,29,8); (13,29,7); (16,29,8); (2,30,4); (14,30,8); (30,30,8); 
Queue 1 (1): (9,6,1); 
Queue 2 (3): (20,5,3); 
Queue 3 (3): (15,7,3); 
Queue 4 (5): (29,7,5); 
Queue 5 (0): closed
Queue 6 (0): closed
Queue 7 (0): closed
Queue 8 (0): closed
-------------------
Time12
Waiting clients:
(23,14,4); (4,16,8); (21,16,7); (10,17,2); (12,18,8); (22,18,9); (28,18,4); (18,19,3); (8,22,4); (24,24,7); (5,25,9); (17,25,9); (25,25,7); (1,26,6); (11,26,5); (19,27,6); 
(27,27,3); (3,29,6); (7,29,8); (13,29,7); (16,29,8); (2,30,4); (14,30,8); (30,30,8); 
Queue 1 (0): closed
Queue 2 (2): (20,5,2); 
Queue 3 (2): (15,7,2); 
Queue 4 (4): (29,7,4); 
Queue 5 (5): (26,12,5); 
Queue 6 (0): closed
Queue 7 (0): closed
Queue 8 (0): closed
-------------------
Time13
Waiting clients:
(23,14,4); (4,16,8); (21,16,7); (10,17,2); (12,18,8); (22,18,9); (28,18,4); (18,19,3); (8,22,4); (24,24,7); (5,25,9); (17,25,9); (25,25,7); (1,26,6); (11,26,5); (19,27,6); 
(27,27,3); (3,29,6); (7,29,8); (13,29,7); (16,29,8); (2,30,4); (14,30,8); (30,30,8); 
Queue 1 (0): closed
Queue 2 (1): (20,5,1); 
Queue 3 (1): (15,7,1); 
Queue 4 (3): (29,7,3); 
Queue 5 (4): (26,12,4); 
Queue 6 (0): closed
Queue 7 (0): closed
Queue 8 (0): closed
-------------------
Time14
Waiting clients:
(4,16,8); (21,16,7); (10,17,2); (12,18,8); (22,18,9); (28,18,4); (18,19,3); (8,22,4); (24,24,7); (5,25,9); (17,25,9); (25,25,7); (1,26,6); (11,26,5); (19,27,6); (27,27,3); 
(3,29,6); (7,29,8); (13,29,7); (16,29,8); (2,30,4); (14,30,8); (30,30,8); 
Queue 1 (4): (23,14,4); 
Queue 2 (0): closed
Queue 3 (0): closed
Queue 4 (2): (29,7,2); 
Queue 5 (3): (26,12,3); 
Queue 6 (0): closed
Queue 7 (0): closed
Queue 8 (0): closed
-------------------
Time15
Waiting clients:
(4,16,8); (21,16,7); (10,17,2); (12,18,8); (22,18,9); (28,18,4); (18,19,3); (8,22,4); (24,24,7); (5,25,9); (17,25,9); (25,25,7); (1,26,6); (11,26,5); (19,27,6); (27,27,3); 
(3,29,6); (7,29,8); (13,29,7); (16,29,8); (2,30,4); (14,30,8); (30,30,8); 
Queue 1 (3): (23,14,3); 
Queue 2 (0): closed
Queue 3 (0): closed
Queue 4 (1): (29,7,1); 
Queue 5 (2): (26,12,2); 
Queue 6 (0): closed
Queue 7 (0): closed
Queue 8 (0): closed
-------------------
Time16
Waiting clients:
(10,17,2); (12,18,8); (22,18,9); (28,18,4); (18,19,3); (8,22,4); (24,24,7); (5,25,9); (17,25,9); (25,25,7); (1,26,6); (11,26,5); (19,27,6); (27,27,3); (3,29,6); (7,29,8); 
(13,29,7); (16,29,8); (2,30,4); (14,30,8); (30,30,8); 
Queue 1 (2): (23,14,2); 
Queue 2 (8): (4,16,8); 
Queue 3 (7): (21,16,7); 
Queue 4 (0): closed
Queue 5 (1): (26,12,1); 
Queue 6 (0): closed
Queue 7 (0): closed
Queue 8 (0): closed
-------------------
Time17
Waiting clients:
(12,18,8); (22,18,9); (28,18,4); (18,19,3); (8,22,4); (24,24,7); (5,25,9); (17,25,9); (25,25,7); (1,26,6); (11,26,5); (19,27,6); (27,27,3); (3,29,6); (7,29,8); (13,29,7); 
(16,29,8); (2,30,4); (14,30,8); (30,30,8); 
Queue 1 (1): (23,14,1); 
Queue 2 (7): (4,16,7); 
Queue 3 (6): (21,16,6); 
Queue 4 (2): (10,17,2); 
Queue 5 (0): closed
Queue 6 (0): closed
Queue 7 (0): closed
Queue 8 (0): closed
-------------------
Time18
Waiting clients:
(18,19,3); (8,22,4); (24,24,7); (5,25,9); (17,25,9); (25,25,7); (1,26,6); (11,26,5); (19,27,6); (27,27,3); (3,29,6); (7,29,8); (13,29,7); (16,29,8); (2,30,4); (14,30,8); 
(30,30,8); 
Queue 1 (0): closed
Queue 2 (6): (4,16,6); 
Queue 3 (5): (21,16,5); 
Queue 4 (1): (10,17,1); 
Queue 5 (8): (12,18,8); 
Queue 6 (9): (22,18,9); 
Queue 7 (4): (28,18,4); 
Queue 8 (0): closed
-------------------
Time19
Waiting clients:
(8,22,4); (24,24,7); (5,25,9); (17,25,9); (25,25,7); (1,26,6); (11,26,5); (19,27,6); (27,27,3); (3,29,6); (7,29,8); (13,29,7); (16,29,8); (2,30,4); (14,30,8); (30,30,8); 

Queue 1 (3): (18,19,3); 
Queue 2 (5): (4,16,5); 
Queue 3 (4): (21,16,4); 
Queue 4 (0): closed
Queue 5 (7): (12,18,7); 
Queue 6 (8): (22,18,8); 
Queue 7 (3): (28,18,3); 
Queue 8 (0): closed
-------------------
Time20
Waiting clients:
(8,22,4); (24,24,7); (5,25,9); (17,25,9); (25,25,7); (1,26,6); (11,26,5); (19,27,6); (27,27,3); (3,29,6); (7,29,8); (13,29,7); (16,29,8); (2,30,4); (14,30,8); (30,30,8); 

Queue 1 (2): (18,19,2); 
Queue 2 (4): (4,16,4); 
Queue 3 (3): (21,16,3); 
Queue 4 (0): closed
Queue 5 (6): (12,18,6); 
Queue 6 (7): (22,18,7); 
Queue 7 (2): (28,18,2); 
Queue 8 (0): closed
-------------------
Time21
Waiting clients:
(8,22,4); (24,24,7); (5,25,9); (17,25,9); (25,25,7); (1,26,6); (11,26,5); (19,27,6); (27,27,3); (3,29,6); (7,29,8); (13,29,7); (16,29,8); (2,30,4); (14,30,8); (30,30,8); 

Queue 1 (1): (18,19,1); 
Queue 2 (3): (4,16,3); 
Queue 3 (2): (21,16,2); 
Queue 4 (0): closed
Queue 5 (5): (12,18,5); 
Queue 6 (6): (22,18,6); 
Queue 7 (1): (28,18,1); 
Queue 8 (0): closed
-------------------
Time22
Waiting clients:
(24,24,7); (5,25,9); (17,25,9); (25,25,7); (1,26,6); (11,26,5); (19,27,6); (27,27,3); (3,29,6); (7,29,8); (13,29,7); (16,29,8); (2,30,4); (14,30,8); (30,30,8); 
Queue 1 (0): closed
Queue 2 (2): (4,16,2); 
Queue 3 (1): (21,16,1); 
Queue 4 (4): (8,22,4); 
Queue 5 (4): (12,18,4); 
Queue 6 (5): (22,18,5); 
Queue 7 (0): closed
Queue 8 (0): closed
-------------------
Time23
Waiting clients:
(24,24,7); (5,25,9); (17,25,9); (25,25,7); (1,26,6); (11,26,5); (19,27,6); (27,27,3); (3,29,6); (7,29,8); (13,29,7); (16,29,8); (2,30,4); (14,30,8); (30,30,8); 
Queue 1 (0): closed
Queue 2 (1): (4,16,1); 
Queue 3 (0): closed
Queue 4 (3): (8,22,3); 
Queue 5 (4): (12,18,4); 
Queue 6 (4): (22,18,4); 
Queue 7 (0): closed
Queue 8 (0): closed
-------------------
Time24
Waiting clients:
(5,25,9); (17,25,9); (25,25,7); (1,26,6); (11,26,5); (19,27,6); (27,27,3); (3,29,6); (7,29,8); (13,29,7); (16,29,8); (2,30,4); (14,30,8); (30,30,8); 
Queue 1 (7): (24,24,7); 
Queue 2 (0): closed
Queue 3 (0): closed
Queue 4 (2): (8,22,2); 
Queue 5 (2): (12,18,2); 
Queue 6 (3): (22,18,3); 
Queue 7 (0): closed
Queue 8 (0): closed
-------------------
Time25
Waiting clients:
(1,26,6); (11,26,5); (19,27,6); (27,27,3); (3,29,6); (7,29,8); (13,29,7); (16,29,8); (2,30,4); (14,30,8); (30,30,8); 
Queue 1 (6): (24,24,6); 
Queue 2 (9): (5,25,9); 
Queue 3 (9): (17,25,9); 
Queue 4 (1): (8,22,1); 
Queue 5 (1): (12,18,1); 
Queue 6 (2): (22,18,2); 
Queue 7 (7): (25,25,7); 
Queue 8 (0): closed
-------------------
Time26
Waiting clients:
(19,27,6); (27,27,3); (3,29,6); (7,29,8); (13,29,7); (16,29,8); (2,30,4); (14,30,8); (30,30,8); 
Queue 1 (5): (24,24,5); 
Queue 2 (8): (5,25,8); 
Queue 3 (8): (17,25,8); 
Queue 4 (6): (1,26,6); 
Queue 5 (5): (11,26,5); 
Queue 6 (1): (22,18,1); 
Queue 7 (6): (25,25,6); 
Queue 8 (0): closed
-------------------
Time27
Waiting clients:
(3,29,6); (7,29,8); (13,29,7); (16,29,8); (2,30,4); (14,30,8); (30,30,8); 
Queue 1 (4): (24,24,4); 
Queue 2 (7): (5,25,7); 
Queue 3 (7): (17,25,7); 
Queue 4 (5): (1,26,5); 
Queue 5 (4): (11,26,4); 
Queue 6 (6): (19,27,6); 
Queue 7 (5): (25,25,5); 
Queue 8 (3): (27,27,3); 
-------------------
Time28
Waiting clients:
(3,29,6); (7,29,8); (13,29,7); (16,29,8); (2,30,4); (14,30,8); (30,30,8); 
Queue 1 (3): (24,24,3); 
Queue 2 (6): (5,25,6); 
Queue 3 (6): (17,25,6); 
Queue 4 (4): (1,26,4); 
Queue 5 (3): (11,26,3); 
Queue 6 (5): (19,27,5); 
Queue 7 (4): (25,25,4); 
Queue 8 (2): (27,27,2); 
-------------------
Time29
Waiting clients:
(2,30,4); (14,30,8); (30,30,8); 
Queue 1 (10): (24,24,2); (7,29,8); 
Queue 2 (5): (5,25,5); 
Queue 3 (5): (17,25,5); 
Queue 4 (11): (1,26,3); (16,29,8); 
Queue 5 (9): (11,26,2); (13,29,7); 
Queue 6 (4): (19,27,4); 
Queue 7 (3): (25,25,3); 
Queue 8 (7): (27,27,1); (3,29,6); 
-------------------
Time30
Waiting clients:

Queue 1 (9): (24,24,1); (7,29,8); 
Queue 2 (12): (5,25,4); (30,30,8); 
Queue 3 (4): (17,25,4); 
Queue 4 (10): (1,26,2); (16,29,8); 
Queue 5 (8): (11,26,1); (13,29,7); 
Queue 6 (11): (19,27,3); (14,30,8); 
Queue 7 (6): (25,25,2); (2,30,4); 
Queue 8 (6): (3,29,6); 
-------------------
Time31
Waiting clients:

Queue 1 (8): (7,29,8); 
Queue 2 (11): (5,25,3); (30,30,8); 
Queue 3 (3): (17,25,3); 
Queue 4 (9): (1,26,1); (16,29,8); 
Queue 5 (7): (13,29,7); 
Queue 6 (10): (19,27,2); (14,30,8); 
Queue 7 (5): (25,25,1); (2,30,4); 
Queue 8 (5): (3,29,5); 
-------------------
Time32
Waiting clients:

Queue 1 (7): (7,29,7); 
Queue 2 (10): (5,25,2); (30,30,8); 
Queue 3 (2): (17,25,2); 
Queue 4 (8): (16,29,8); 
Queue 5 (6): (13,29,6); 
Queue 6 (9): (19,27,1); (14,30,8); 
Queue 7 (4): (2,30,4); 
Queue 8 (4): (3,29,4); 
-------------------
Time33
Waiting clients:

Queue 1 (6): (7,29,6); 
Queue 2 (9): (5,25,1); (30,30,8); 
Queue 3 (1): (17,25,1); 
Queue 4 (7): (16,29,7); 
Queue 5 (5): (13,29,5); 
Queue 6 (8): (14,30,8); 
Queue 7 (3): (2,30,3); 
Queue 8 (3): (3,29,3); 
-------------------
Time34
Waiting clients:

Queue 1 (5): (7,29,5); 
Queue 2 (8): (30,30,8); 
Queue 3 (0): closed
Queue 4 (6): (16,29,6); 
Queue 5 (4): (13,29,4); 
Queue 6 (7): (14,30,7); 
Queue 7 (2): (2,30,2); 
Queue 8 (2): (3,29,2); 
-------------------
Time35
Waiting clients:

Queue 1 (4): (7,29,4); 
Queue 2 (7): (30,30,7); 
Queue 3 (0): closed
Queue 4 (5): (16,29,5); 
Queue 5 (3): (13,29,3); 
Queue 6 (6): (14,30,6); 
Queue 7 (1): (2,30,1); 
Queue 8 (1): (3,29,1); 
-------------------
Time36
Waiting clients:

Queue 1 (3): (7,29,3); 
Queue 2 (6): (30,30,6); 
Queue 3 (0): closed
Queue 4 (4): (16,29,4); 
Queue 5 (2): (13,29,2); 
Queue 6 (5): (14,30,5); 
Queue 7 (0): closed
Queue 8 (0): closed
-------------------
Time37
Waiting clients:

Queue 1 (2): (7,29,2); 
Queue 2 (5): (30,30,5); 
Queue 3 (0): closed
Queue 4 (3): (16,29,3); 
Queue 5 (1): (13,29,1); 
Queue 6 (4): (14,30,4); 
Queue 7 (0): closed
Queue 8 (0): closed
-------------------
Time38
Waiting clients:

Queue 1 (1): (7,29,1); 
Queue 2 (4): (30,30,4); 
Queue 3 (0): closed
Queue 4 (2): (16,29,2); 
Queue 5 (0): closed
Queue 6 (3): (14,30,3); 
Queue 7 (0): closed
Queue 8 (0): closed
-------------------
Time39
Waiting clients:

Queue 1 (0): closed
Queue 2 (3): (30,30,3); 
Queue 3 (0): closed
Queue 4 (1): (16,29,1); 
Queue 5 (0): closed
Queue 6 (2): (14,30,2); 
Queue 7 (0): closed
Queue 8 (0): closed
-------------------
Time40
Waiting clients:

Queue 1 (0): closed
Queue 2 (2): (30,30,2); 
Queue 3 (0): closed
Queue 4 (0): closed
Queue 5 (0): closed
Queue 6 (1): (14,30,1); 
Queue 7 (0): closed
Queue 8 (0): closed


******************
Average waiting time is 0.6
Average service time is 6.266667
The peak hour is 30
